Cyrillic Complex:2199,2214,2213,2275,2274,2271,2272,2251,2221,2222,2219,2232,2211,2231,2210,2220,2200-2209,2212,2213,2241,2238,2242,2215,2273,2801-2826,2223,804,2224,2262,999,2252,2901-2926,2225,2229,2226,2246,2218
Gothic English Triplex:3699,3714,3728,2275,3719,2271,3718,3717,3721,3722,3723,3725,3711,3724,3710,3720,3700-3709,3712,3713,2241,3726,2242,3715,2273,3501-3526,2223,804,2224,2262,999,3716,3601-3626,2225,2229,2226,2246,3729
Gothic German Triplex:3699,3714,3728,2275,3719,2271,3718,3717,3721,3722,3723,3725,3711,3724,3710,3720,3700-3709,3712,3713,2241,3726,2242,3715,2273,3301-3326,2223,804,2224,2262,999,3716,3401-3426,2225,2229,2226,2246,3729
Gothic Italian Triplex:3699,3714,3728,2275,3719,2271,3718,3717,3721,3722,3723,3725,3711,3724,3710,3720,3700-3709,3712,3713,2241,3726,2242,3715,2273,3801-3826,2223,804,2224,2262,999,3716,3901-3926,2225,2229,2226,2246,3729
Greek Complex Small:1199,1214,1213,1275,1274,1271,1272,1251,1221,1222,1219,1232,1211,1231,1210,1220,1200-1209,1212,1213,1241,1238,1242,1215,1273,1027-1050,1199,1199,1223,804,1224,1262,998,1252,1127-1150,1199,1199,1225,1229,1226,1246,1218
Greek Complex:2199,2214,2213,2275,2274,2271,2272,2251,2221,2222,2219,2232,2211,2231,2210,2220,2200-2209,2212,2213,2241,2238,2242,2215,2273,2027-2050,2199,2199,2223,804,2224,2262,999,2252,2127-2150,2199,2199,2225,2229,2226,2246,2218
Greek Plain:199,214,217,233,219,1271,234,231,221,222,1219,225,211,224,210,220,200-209,212,213,1241,226,1242,215,1273,27-50,199,199,1223,809,1224,1262,997,230,27-50,199,199,1225,223,1226,1246,218
Greek Simplex:699,714,717,733,719,2271,734,731,721,722,2219,725,711,724,710,720,700-709,712,713,2241,726,2242,715,2273,527-550,699,699,2223,804,2224,2262,999,730,627-650,699,699,2225,723,2226,2246,718
Italic Complex Small:1199,1214,1213,1275,1274,1271,1272,1251,1221,1222,1219,1232,1211,1231,1210,802,1200-1209,1212,1213,1241,1238,1242,1215,1273,1051-1076,1223,804,1224,1262,998,1252,1151-1176,1225,1229,1226,1246,1218
Italic Complex:2749,2764,2778,2275,2769,2271,2768,2767,2771,2772,2773,2775,2761,2774,2760,2770,2750-2759,2762,2763,2241,2776,2242,2765,2273,2051-2076,2223,804,2224,2262,999,2766,2151-2176,2225,2229,2226,2246,2779
Italic Triplex:3249,3264,3278,2275,3269,2271,3268,3267,3271,3272,3273,3275,3261,3274,3260,3270,3250-3259,3262,3263,2241,3276,2242,3265,2273,3051-3076,2223,804,2224,2262,999,3266,3151-3176,2225,2229,2226,2246,3279
Roman Complex Small:1199,1214,1213,1275,1274,1271,1272,1251,1221,1222,1219,1232,1211,1231,1210,1220,1200-1209,1212,1213,1241,1238,1242,1215,1273,1001-1026,1223,804,1224,1262,998,1252,1101-1126,1225,1229,1226,1246,1218
Roman Complex:2199,2214,2213,2275,2274,2271,2272,2251,2221,2222,2219,2232,2211,2231,2210,2220,2200-2209,2212,2213,2241,2238,2242,2215,2273,2001-2026,2223,804,2224,2262,999,2252,2101-2126,2225,2229,2226,2246,2218
Roman Duplex:2699,2714,2728,2275,2719,2271,2718,2717,2721,2722,2723,2725,2711,2724,2710,2720,2700-2709,2712,2713,2241,2726,2242,2715,2273,2501-2526,2223,804,2224,2262,999,2716,2601-2626,2225,2229,2226,2246,2729
Roman Plain:199,214,217,233,219,1271,234,231,221,222,1219,225,211,224,210,220,200-209,212,213,1241,226,1242,215,1273,1-26,1223,809,1224,1262,997,230,1-26,1225,223,1226,1246,218
Roman Simplex:699,714,717,733,719,2271,734,731,721,722,2219,725,711,724,710,720,700-709,712,713,2241,726,2242,715,2273,501-526,2223,804,2224,2262,999,730,601-626,2225,723,2226,2246,718
Roman Triplex:3199,3214,3228,2275,3219,2271,3218,3217,3221,3222,3223,3225,3211,3224,3210,3220,3200-3209,3212,3213,2241,3226,2242,3215,2273,3001-3026,2223,804,2224,2262,999,3216,3101-3126,2225,2229,2226,2246,3229
Script Complex:2749,2764,2778,2275,2769,2271,2768,2767,2771,2772,2773,2775,2761,2774,2760,2770,2750-2759,2762,2763,2241,2776,2242,2765,2273,2551-2576,2223,804,2224,2262,999,2766,2651-2676,2225,2229,2226,2246,2779
Script Simplex:699,2764,2778,733,2769,2271,2768,2767,2771,2772,2773,725,2761,724,710,2770,2750-2759,2762,2763,2241,726,2242,2765,2273,551-576,2223,804,2224,2262,999,2766,651-676,2225,723,2226,2246,718
